31 6.72
32 6.19
33 4.57
63 7.27
64 9.74
65 7.79
95 7.65
96 8.75
97 9.28
127 8.85
128 9.04
129 9.13
159 10.6
160 11.9
161 9.59
191 10.2
192 11.8
193 10.7
223 11.9
224 12.6
225 12.7
255 12.4
256 12.6
257 13.3
287 12.3
288 12.5
289 11.2
319 12.8
320 13.6
321 12.7
351 11.7
352 13.8
353 13.1
383 13.3
384 14.4
385 11.7
415 13.3
416 13.2
417 13.9
447 14.1
448 12.4
449 14.2
479 14.2
480 15.1
481 11.5
511 13.3
512 14.5
513 13.1
543 12.8
544 13.4
545 12.3
575 13.8
576 14.5
577 12.4
607 11.1
608 14.1
609 12.6
639 13
640 13.1
641 10.4
671 13.4
672 13.9
673 13.8
703 13.5
704 14.3
705 13.9
735 12.5
736 14.1
737 13.9
767 13.5
768 11.5
769 12.5
799 13.4
800 12.4
801 13.4
831 12.6
832 13.4
833 13.2
863 14
864 12.7
865 14.5
895 12.8
896 13.8
897 13.5
927 13.9
928 14.1
929 14.2
959 13.7
960 13.8
961 14.3
991 13.4
992 14.5
993 14.7
1023 14.7
1024 14.6
1025 12.8