31 5.58
32 4.68
33 4.52
63 4.94
64 7.41
65 5.6
95 4.88
96 7.25
97 6.07
127 7.17
128 8.3
129 6.14
159 6.09
160 10.1
161 6.49
191 7.66
192 8.83
193 7.78
223 7.22
224 10.8
225 7.63
255 7.17
256 9.24
257 7.9
287 7.24
288 11.1
289 7.9
319 6.68
320 8.54
321 7.99
351 7.5
352 10.8
353 7.76
383 7.71
384 9.63
385 8.05
415 7.26
416 11.6
417 8.06
447 7.87
448 9.41
449 7.5
479 7.75
480 11.7
481 7.7
511 7.61
512 9.97
513 7.57
543 7.86
544 10.9
545 7.39
575 7.58
576 11.2
577 7.25
607 6.1
608 11.4
609 7.35
639 6.83
640 9.66
641 7.83
671 7.3
672 11
673 8.06
703 7.68
704 11.7
705 7.81
735 7.38
736 11.8
737 6.02
767 7.36
768 10.5
769 7.41
799 7.77
800 11.9
801 7.53
831 8.08
832 12
833 7.53
863 7.95
864 11.2
865 7.75
895 7.78
896 11.6
897 7.84
927 7.76
928 10.6
929 6.64
959 7.64
960 11.4
961 7.73
991 7.47
992 11.3
993 7.73
1023 7.38
1024 10.3
1025 7.4