31 2.88
32 2.87
33 3.41
63 3.21
64 3.24
65 2.78
95 3.09
96 3.35
97 3.28
127 3.39
128 3.01
129 3.59
159 3.38
160 3.76
161 3.88
191 3.79
192 3.28
193 3.46
223 3.53
224 3.53
225 3.31
255 3.49
256 1.83
257 3.24
287 3.66
288 3.74
289 3.7
319 3.31
320 3.6
321 3.62
351 3.31
352 3.57
353 3.37
383 3.4
384 3.05
385 3.33
415 3.63
416 3.47
417 3.34
447 3.33
448 3.59
449 3.53
479 3.33
480 3.66
481 3.71
511 3.08
512 1.26
513 2.97
543 3.64
544 3.45
545 3.63
575 3.51
576 3.53
577 3.75
607 3.53
608 3.51
609 3.71
639 3.44
640 3.16
641 3.8
671 3.41
672 3.6
673 3.89
703 3.58
704 3.41
705 3.59
735 3.62
736 3.72
737 3.69
767 3.38
768 2.06
769 3.64
799 3.58
800 3.54
801 3.53
831 3.41
832 3.43
833 3.58
863 3.41
864 3.54
865 3.48
895 3.45
896 2.97
897 3.47
927 3.44
928 3.44
929 3.21
959 3.26
960 3.42
961 3.51
991 3.46
992 3.54
993 3.37
1023 2.9
1024 1.27
1025 2.97