31 19.1
32 25.4
33 18.5
63 22.1
64 28
65 22
95 25.1
96 27.2
97 27.1
127 25.6
128 26.5
129 28.4
159 28.4
160 26.4
161 26.5
191 23.3
192 23
193 26.7
223 26.3
224 24.8
225 24.5
255 26.1
256 25.7
257 20.5
287 24.5
288 22.9
289 21.5
319 26.1
320 25.9
321 20.7
351 21.1
352 26
353 23.9
383 20.1
384 26.7
385 24.1
415 20.1
416 23
417 22.7
447 22.6
448 24.4
449 24.2
479 22.5
480 22.6
481 28
511 23.8
512 27.6
513 25.3
543 23.8
544 29.1
545 26.7
575 24.6
576 27
577 22.2
607 23.4
608 25.3
609 26.8
639 28.2
640 26.6
641 25.5
671 27.9
672 22.9
673 26.4
703 26.1
704 26.4
705 25.8
735 23.7
736 21.5
737 27.2
767 23.5
768 26.5
769 27.5
799 22.4
800 28.2
801 26.5
831 28.2
832 26.9
833 21.1
863 26.6
864 21.3
865 29.3
895 27.6
896 25.5
897 28.6
927 25
928 28.2
929 25.4
959 20.9
960 30
961 23.6
991 26.7
992 27.1
993 28.9
1023 24
1024 28.7
1025 26.6